   5.0079004e+00   3.5671238e+00   1.2918546e+00   2.6295404e-01   1.0000000e+00
   4.8344797e+00   3.0516741e+00   1.2877058e+00   2.9985537e-01   1.0000000e+00
   4.6050260e+00   3.2590299e+00   1.1976602e+00   2.7257828e-01   1.0000000e+00
   4.5258232e+00   3.1766460e+00   1.4003776e+00   2.9236879e-01   1.0000000e+00
   4.9174927e+00   3.6848538e+00   1.2859768e+00   2.7845802e-01   1.0000000e+00
   5.3245042e+00   3.9637891e+00   1.5926965e+00   4.8348566e-01   1.0000000e+00
   4.5294993e+00   3.4510901e+00   1.2782234e+00   3.7910382e-01   1.0000000e+00
   4.9121312e+00   3.4862113e+00   1.4077411e+00   2.8209815e-01   1.0000000e+00
   4.3017187e+00   2.9688425e+00   1.2905123e+00   2.6701266e-01   1.0000000e+00
   4.8334203e+00   3.1864186e+00   1.3810499e+00   1.8348979e-01   1.0000000e+00
   5.3147723e+00   3.7631192e+00   1.3791656e+00   2.6619206e-01   1.0000000e+00
   4.7264536e+00   3.4776441e+00   1.5081171e+00   2.7781810e-01   1.0000000e+00
   4.7358288e+00   3.0506979e+00   1.2975768e+00   1.8150486e-01   1.0000000e+00
   4.2109640e+00   3.0704939e+00   9.9831491e-01   1.7847600e-01   1.0000000e+00
   5.7399159e+00   4.0632725e+00   1.0962769e+00   2.9336439e-01   1.0000000e+00
   5.6333741e+00   4.4634445e+00   1.4011587e+00   4.9984689e-01   1.0000000e+00
   5.3316537e+00   3.9881338e+00   1.1932188e+00   4.9888977e-01   1.0000000e+00
   5.0262645e+00   3.5800202e+00   1.2901292e+00   3.8983717e-01   1.0000000e+00
   5.6217469e+00   3.8633570e+00   1.6051493e+00   3.6799828e-01   1.0000000e+00
   5.0154673e+00   3.8753133e+00   1.3857180e+00   3.6145317e-01   1.0000000e+00
   5.3328893e+00   3.4666218e+00   1.5797054e+00   2.6754416e-01   1.0000000e+00
   5.0238134e+00   3.7730600e+00   1.3812651e+00   4.8310189e-01   1.0000000e+00
   4.5312657e+00   3.6883800e+00   9.0619084e-01   2.8513089e-01   1.0000000e+00
   5.0395070e+00   3.3746339e+00   1.5981070e+00   5.7459099e-01   1.0000000e+00
   4.7018626e+00   #.#######e+##   1.8049936e+00   2.7840570e-01   1.0000000e+00
   4.9315302e+00   3.0560231e+00   1.5041222e+00   2.8546232e-01   1.0000000e+00
   4.9341168e+00   3.4835308e+00   1.4851473e+00   4.9565174e-01   1.0000000e+00
   5.1194245e+00   3.5790466e+00   1.3953209e+00   2.7014073e-01   1.0000000e+00
   5.1349502e+00   3.4543538e+00   1.2712623e+00   2.7145437e-01   1.0000000e+00
   4.6133539e+00   3.2564541e+00   1.5068013e+00   2.6501677e-01   1.0000000e+00
   4.7082127e+00   3.1618804e+00   1.4887899e+00   2.8114295e-01   1.0000000e+00
   5.3197743e+00   3.4669433e+00   1.3907961e+00   4.9283065e-01   1.0000000e+00
   5.1012484e+00   4.1711366e+00   1.4006525e+00   1.7199102e-01   1.0000000e+00
   5.4331030e+00   4.2610039e+00   1.2834487e+00   2.9150716e-01   1.0000000e+00
   4.8105703e+00   3.1831182e+00   1.3950394e+00   1.7748050e-01   1.0000000e+00
   4.9271000e+00   3.2817114e+00   1.0830761e+00   2.8202159e-01   1.0000000e+00
   5.4317546e+00   3.5609499e+00   1.1824443e+00   2.9944458e-01   1.0000000e+00
   4.8272738e+00   3.1746278e+00   1.3958431e+00   1.8759124e-01   1.0000000e+00
   4.3260304e+00   3.0540620e+00   1.1873477e+00   2.9880547e-01   1.0000000e+00
   5.0094937e+00   3.4767985e+00   1.3741155e+00   2.6383863e-01   1.0000000e+00
   4.9190961e+00   3.5638959e+00   1.1794460e+00   3.9592369e-01   1.0000000e+00
   4.4374568e+00   2.3767798e+00   1.2088713e+00   3.6233772e-01   1.0000000e+00
   4.3096441e+00   3.2618121e+00   1.1979559e+00   2.6493273e-01   1.0000000e+00
   4.9083646e+00   3.5772171e+00   1.4963780e+00   6.8522903e-01   1.0000000e+00
   5.0108989e+00   3.8657509e+00   1.7830439e+00   4.7480417e-01   1.0000000e+00
   4.7310327e+00   3.0656727e+00   1.2707929e+00   3.7278289e-01   1.0000000e+00
   5.0132565e+00   3.8582785e+00   1.4928189e+00   2.9182777e-01   1.0000000e+00
   4.5241230e+00   3.2789808e+00   1.2714534e+00   2.7206819e-01   1.0000000e+00
   5.2073606e+00   3.7827722e+00   1.3805897e+00   2.8429847e-01   1.0000000e+00
   4.9034984e+00   3.3870589e+00   1.2776263e+00   2.7847889e-01   1.0000000e+00
   6.9123566e+00   3.2705648e+00   4.5879720e+00   1.4717037e+00   2.0000000e+00
   6.3092351e+00   3.2577257e+00   4.4007462e+00   1.5932968e+00   2.0000000e+00
   6.8363675e+00   3.1741160e+00   4.7951174e+00   1.5828210e+00   2.0000000e+00
   5.4374754e+00   2.3579272e+00   3.8825880e+00   1.3628203e+00   2.0000000e+00
   6.4012752e+00   2.8664157e+00   4.4816817e+00   1.5706525e+00   2.0000000e+00
   5.6237459e+00   2.8841230e+00   4.3731295e+00   1.3668350e+00   2.0000000e+00
   6.2017527e+00   3.3671633e+00   4.5768778e+00   1.6824123e+00   2.0000000e+00
   4.8169961e+00   2.4870263e+00   3.1988512e+00   1.0680836e+00   2.0000000e+00
   6.5208633e+00   2.9649231e+00   4.4735779e+00   1.3796948e+00   2.0000000e+00
   5.1336136e+00   2.7779299e+00   3.8067125e+00   1.4891747e+00   2.0000000e+00
   4.9250012e+00   2.0735450e+00   3.3871871e+00   1.0981999e+00   2.0000000e+00
   5.8102082e+00   3.0540346e+00   4.0731889e+00   1.5904947e+00   2.0000000e+00
   5.9361876e+00   2.2664958e+00   3.8928858e+00   1.0632027e+00   2.0000000e+00
   6.0306920e+00   2.9869883e+00   4.6032709e+00   1.4975298e+00   2.0000000e+00
   5.5225066e+00   2.9522220e+00   3.4838947e+00   1.3989790e+00   2.0000000e+00
   6.6358861e+00   3.1653619e+00   4.3011956e+00   1.4842844e+00   2.0000000e+00
   5.5147232e+00   3.0596256e+00   4.3983336e+00   1.5982998e+00   2.0000000e+00
   5.7135092e+00   2.7591123e+00   3.9936377e+00   1.0732260e+00   2.0000000e+00
   6.1247542e+00   2.2642848e+00   4.3850797e+00   1.5960486e+00   2.0000000e+00
   5.5034758e+00   2.5869641e+00   3.7857530e+00   1.1600146e+00   2.0000000e+00
   5.8150199e+00   3.2700999e+00   4.6871324e+00   1.8793312e+00   2.0000000e+00
   6.0074952e+00   2.8821295e+00   3.8869210e+00   1.3658990e+00   2.0000000e+00
   6.2324211e+00   2.5640109e+00   4.7787570e+00   1.5725997e+00   2.0000000e+00
   6.0289299e+00   2.8683473e+00   4.5898706e+00   1.2668550e+00   2.0000000e+00
   6.3269870e+00   2.9880439e+00   4.1715948e+00   1.3837163e+00   2.0000000e+00
   6.5365593e+00   3.0553193e+00   4.2925927e+00   1.4863043e+00   2.0000000e+00
   6.7328384e+00   2.8528123e+00   4.6719657e+00   1.4739585e+00   2.0000000e+00
   6.6219490e+00   3.0782433e+00   4.9048912e+00   1.7621477e+00   2.0000000e+00
   5.9006217e+00   2.9872681e+00   4.4044010e+00   1.5618867e+00   2.0000000e+00
   5.6037875e+00   2.6543560e+00   3.3835303e+00   1.0622343e+00   2.0000000e+00
   5.4205903e+00   2.4760679e+00   3.7089612e+00   1.1628605e+00   2.0000000e+00
   5.4380993e+00   2.4558425e+00   3.6081910e+00   1.0606270e+00   2.0000000e+00
   5.7337224e+00   2.7777585e+00   3.8095448e+00   1.2989472e+00   2.0000000e+00
   5.9374005e+00   2.7750245e+00   4.9763087e+00   1.6893919e+00   2.0000000e+00
   5.3389365e+00   3.0517489e+00   4.3701167e+00   1.5900954e+00   2.0000000e+00
   5.9149011e+00   3.4819170e+00   4.3799272e+00   1.6613325e+00   2.0000000e+00
   6.6128360e+00   3.1894484e+00   4.5838516e+00   1.5647042e+00   2.0000000e+00
   6.2313299e+00   2.3674698e+00   4.2793335e+00   1.3704521e+00   2.0000000e+00
   5.5084889e+00   3.0637900e+00   4.0002356e+00   1.3957343e+00   2.0000000e+00
   5.4383661e+00   2.5519522e+00   3.8790371e+00   1.3988824e+00   2.0000000e+00
   5.4372093e+00   2.6590081e+00   4.2879377e+00   1.2997630e+00   2.0000000e+00
   6.0146292e+00   3.0732405e+00   4.4803778e+00   1.4738715e+00   2.0000000e+00
   5.7137965e+00   2.6740550e+00   3.8838318e+00   1.2716921e+00   2.0000000e+00
   4.9277073e+00   2.3601007e+00   3.2061182e+00   1.0674899e+00   2.0000000e+00
   5.5286642e+00   2.7761737e+00   4.0705080e+00   1.3897259e+00   2.0000000e+00
   5.6320137e+00   3.0524038e+00   4.0752889e+00   1.2887207e+00   2.0000000e+00
   5.6237468e+00   2.9876202e+00   4.0855225e+00   1.3675558e+00   2.0000000e+00
   6.1038870e+00   2.9537012e+00   4.2036248e+00   1.3773575e+00   2.0000000e+00
   5.0223804e+00   2.5633591e+00   2.8785307e+00   1.1618237e+00   2.0000000e+00
   5.6017236e+00   2.8760420e+00   4.0074094e+00   1.3862189e+00   2.0000000e+00
   6.2303053e+00   3.3701564e+00   5.9087920e+00   2.5912417e+00   3.0000000e+00
   5.7263859e+00   2.7712370e+00   4.9850103e+00   1.9945160e+00   3.0000000e+00
   7.0239784e+00   3.0651649e+00   5.8093945e+00   2.1914141e+00   3.0000000e+00
   6.2090798e+00   2.9807563e+00   5.4748834e+00   1.8773397e+00   3.0000000e+00
   6.4285486e+00   3.0613005e+00   5.7004383e+00   2.2739128e+00   3.0000000e+00
   7.5289801e+00   3.0759709e+00   6.4931745e+00   2.1622155e+00   3.0000000e+00
   4.8137687e+00   2.5868874e+00   4.3948463e+00   1.7927777e+00   3.0000000e+00
   7.2013100e+00   2.9632269e+00   6.1895962e+00   1.8642416e+00   3.0000000e+00
   6.6337446e+00   2.5825376e+00   5.6788180e+00   1.8602430e+00   3.0000000e+00
   7.1308120e+00   3.6815054e+00   5.9757654e+00   2.5710017e+00   3.0000000e+00
   6.4203859e+00   3.2549729e+00   4.9954070e+00   2.0977109e+00   3.0000000e+00
   6.3282785e+00   2.7562955e+00   5.2020966e+00   1.9869704e+00   3.0000000e+00
   6.7316470e+00   3.0665999e+00   5.3967857e+00   2.1754263e+00   3.0000000e+00
   5.6132268e+00   2.5774933e+00   4.8888641e+00   2.0942779e+00   3.0000000e+00
   5.7365470e+00   2.8763082e+00   5.0077791e+00   2.4869930e+00   3.0000000e+00
   6.3230682e+00   3.2771991e+00   5.1936592e+00   2.3843239e+00   3.0000000e+00
   6.4115164e+00   3.0503755e+00   5.3790699e+00   1.8775770e+00   3.0000000e+00
   7.6106746e+00   3.8551444e+00   6.5973537e+00   2.2984514e+00   3.0000000e+00
   7.6356071e+00   2.6805563e+00   6.7828257e+00   2.3929163e+00   3.0000000e+00
   5.9146440e+00   2.2836766e+00   4.8999567e+00   1.5604200e+00   3.0000000e+00
   6.8060006e+00   3.2798779e+00   5.6099257e+00   2.3656647e+00   3.0000000e+00
   5.5378531e+00   2.8877809e+00   4.7807893e+00   2.0793124e+00   3.0000000e+00
   7.6260334e+00   2.8867886e+00   6.6072748e+00   2.0832247e+00   3.0000000e+00
   6.2392886e+00   2.7589230e+00   4.7978555e+00   1.8717196e+00   3.0000000e+00
   6.6077533e+00   3.3703907e+00   5.5738104e+00   2.1775547e+00   3.0000000e+00
   7.1331497e+00   3.2815096e+00   5.8798349e+00   1.8759306e+00   3.0000000e+00
   6.1197521e+00   2.8708981e+00   4.7073863e+00   1.8654922e+00   3.0000000e+00
   6.0236311e+00   3.0746957e+00   4.7891914e+00   1.8981105e+00   3.0000000e+00
   6.3017956e+00   2.8723296e+00   5.5053011e+00   2.1744018e+00   3.0000000e+00
   7.1225783e+00   3.0792397e+00   5.7011719e+00   1.6934791e+00   3.0000000e+00
   7.3253418e+00   2.8525361e+00   5.9707314e+00   1.9616534e+00   3.0000000e+00
   7.8199240e+00   3.8697115e+00   6.3008305e+00   2.0769532e+00   3.0000000e+00
   6.3023849e+00   2.8591970e+00   5.4974319e+00   2.2630255e+00   3.0000000e+00
   6.2206065e+00   2.8634956e+00   5.0047067e+00   1.5725526e+00   3.0000000e+00
   6.0021278e+00   2.6720655e+00   5.4932204e+00   1.4978393e+00   3.0000000e+00
   7.6337453e+00   3.0797474e+00   5.9950442e+00   2.3941801e+00   3.0000000e+00
   6.2237869e+00   3.4664922e+00   5.4744459e+00   2.4669412e+00   3.0000000e+00
   6.3276408e+00   3.1703047e+00   5.3785478e+00   1.8814353e+00   3.0000000e+00
   5.9258891e+00   3.0551589e+00   4.6714548e+00   1.8717956e+00   3.0000000e+00
   6.8249376e+00   3.1585934e+00   5.2877818e+00   2.1961149e+00   3.0000000e+00
   6.6381543e+00   3.1617132e+00   5.4830632e+00   2.4632555e+00   3.0000000e+00
   6.8070778e+00   3.1679986e+00   4.9814918e+00   2.3914990e+00   3.0000000e+00
   5.7189962e+00   2.7596113e+00   4.9898581e+00   1.9669763e+00   3.0000000e+00
   6.7336961e+00   3.2605305e+00   5.7772682e+00   2.3887995e+00   3.0000000e+00
   6.6198785e+00   3.3856633e+00   5.6073517e+00   2.5692803e+00   3.0000000e+00
   6.6304962e+00   3.0734456e+00   5.1076073e+00   2.3682855e+00   3.0000000e+00
   6.2071951e+00   2.5875470e+00   4.8936585e+00   1.9686453e+00   3.0000000e+00
   6.4276649e+00   3.0747232e+00   5.0700323e+00   2.0990668e+00   3.0000000e+00
   6.1365770e+00   3.4600288e+00   5.3061203e+00   2.3752740e+00   3.0000000e+00
   5.8065063e+00   3.0541015e+00   4.9973157e+00   1.8854116e+00   3.0000000e+00
